Station :27,500
Number of segments :1
   Segment 1
       5,000    3,000
       5,000    2,500
       4,999    2,000 (knuckle)
       4,867    1,592
       4,698    1,070
       4,652    0,941
       4,593    0,809
       4,556    0,744
       4,513    0,680
       4,462    0,617
       4,404    0,555
       4,337    0,495
       4,260    0,438
       4,172    0,383
       4,073    0,332
       3,961    0,284
       3,835    0,240
       3,694    0,200
       3,538    0,165
       3,368    0,134
       3,184    0,107
       2,988    0,084
       2,780    0,065
       2,561    0,049
       2,333    0,036
       2,095    0,025
       1,599    0,011
       1,079    0,003
       0,543    0,000
       0,000    0,000
-------------------------------

Station :28,600
Number of segments :1
   Segment 1
       5,000    3,000
       4,999    2,500
       4,994    2,000 (knuckle)
       4,784    1,372
       4,680    1,070
       4,630    0,941
       4,567    0,809
       4,528    0,744
       4,483    0,680
       4,431    0,617
       4,372    0,555
       4,303    0,495
       4,225    0,438
       4,136    0,383
       4,036    0,332
       3,923    0,284
       3,797    0,240
       3,656    0,200
       3,501    0,165
       3,332    0,134
       3,149    0,107
       2,954    0,084
       2,748    0,065
       2,531    0,049
       2,305    0,036
       2,070    0,025
       1,579    0,011
       1,065    0,003
       0,537    0,000
       0,000    0,000
-------------------------------

Station :29,700
Number of segments :1
   Segment 1
       5,000    3,000
       4,997    2,500
       4,980    2,000 (knuckle)
       4,837    1,592
       4,758    1,372
       4,645    1,070
       4,590    0,941
       4,522    0,809
       4,481    0,744
       4,434    0,680
       4,380    0,617
       4,318    0,555
       4,248    0,495
       4,168    0,438
       4,078    0,383
       3,977    0,332
       3,864    0,284
       3,738    0,240
       3,598    0,200
       3,444    0,165
       3,276    0,134
       3,095    0,107
       2,903    0,084
       2,700    0,065
       2,486    0,049
       2,263    0,036
       2,033    0,025
       1,550    0,011
       1,046    0,003
       0,526    0,000
       0,000    0,000
-------------------------------

Station :30,800
Number of segments :1
   Segment 1
       5,000    3,000
       4,998    2,750
       4,991    2,500
       4,976    2,250
       4,955    2,000 (knuckle)
       4,802    1,592
       4,716    1,372
       4,591    1,070
       4,530    0,941
       4,456    0,809
       4,412    0,744
       4,362    0,680
       4,306    0,617
       4,242    0,555
       4,169    0,495
       4,088    0,438
       3,997    0,383
       3,895    0,332
       3,781    0,284
       3,656    0,240
       3,517    0,200
       3,364    0,165
       3,199    0,134
       3,021    0,107
       2,832    0,084
       2,633    0,065
       2,424    0,049
       2,206    0,036
       1,981    0,025
       1,510    0,011
       1,018    0,003
       0,513    0,000
       0,000    0,000
-------------------------------

Station :31,900
Number of segments :1
   Segment 1
       5,000    3,000
       4,995    2,750
       4,981    2,500
       4,955    2,250
       4,920    2,000 (knuckle)
       4,757    1,592
       4,663    1,372
       4,554    1,133
       4,492    1,006
       4,419    0,875
       4,329    0,744
       4,276    0,680
       4,217    0,617
       4,150    0,555
       4,075    0,495
       3,992    0,438
       3,900    0,383
       3,797    0,332
       3,683    0,284
       3,558    0,240
       3,421    0,200
       3,270    0,165
       3,108    0,134
       2,934    0,107
       2,749    0,084
       2,554    0,065
       2,351    0,049
       2,139    0,036
       1,920    0,025
       1,463    0,011
       0,986    0,003
       0,496    0,000
       0,000    0,000
-------------------------------

Station :33,000
Number of segments :1
   Segment 1
       5,000    3,000
       4,987    2,750
       4,964    2,500
       4,924    2,250
       4,875    2,000 (knuckle)
       4,792    1,799
       4,703    1,592
       4,603    1,372
       4,484    1,133
       4,415    1,006
       4,335    0,875
       4,238    0,744
       4,181    0,680
       4,119    0,617
       4,049    0,555
       3,972    0,495
       3,887    0,438
       3,793    0,383
       3,690    0,332
       3,576    0,284
       3,451    0,240
       3,315    0,200
       3,167    0,165
       3,008    0,134
       2,837    0,107
       2,657    0,084
       2,468    0,065
       2,270    0,049
       2,065    0,036
       1,853    0,025
       1,411    0,011
       0,951    0,003
       0,478    0,000
       0,000    0,000
-------------------------------

Station :34,100
Number of segments :1
   Segment 1
       4,994    3,000
       4,971    2,750
       4,956    2,625
       4,937    2,500
       4,912    2,375
       4,884    2,250
       4,819    2,000 (knuckle)
       4,733    1,799
       4,640    1,592
       4,532    1,372
       4,401    1,133
       4,324    1,006
       4,235    0,875
       4,130    0,744
       4,069    0,680
       4,002    0,617
       3,929    0,555
       3,849    0,495
       3,762    0,438
       3,666    0,383
       3,561    0,332
       3,447    0,284
       3,323    0,240
       3,188    0,200
       3,043    0,165
       2,887    0,134
       2,721    0,107
       2,546    0,084
       2,364    0,065
       2,173    0,049
       1,772    0,025
       1,348    0,011
       0,908    0,003
       0,457    0,000
       0,000    0,000
-------------------------------

Station :35,200
Number of segments :1
   Segment 1
       0,000    0,000
       0,427    0,000
       0,850    0,003
       1,263    0,011
       1,661    0,025
       2,041    0,049
       2,222    0,065
       2,396    0,084
       2,563    0,107
       2,723    0,134
       2,874    0,165
       3,016    0,200
       3,149    0,240
       3,272    0,284
       3,387    0,332
       3,494    0,383
       3,593    0,438
       3,684    0,495
       3,769    0,555
       3,847    0,617
       3,919    0,680
       3,986    0,744
       4,104    0,875
       4,206    1,006
       4,294    1,133
       4,373    1,255
       4,443    1,372
       4,562    1,592
       4,662    1,799
       4,752    2,000 (knuckle)
       4,830    2,250
       4,866    2,375
       4,897    2,500
       4,923    2,625
       4,944    2,750
       4,978    3,000
-------------------------------

Station :36,300
Number of segments :1
   Segment 1
       0,000    0,000
       0,387    0,000
       0,770    0,003
       1,146    0,011
       1,511    0,025
       1,861    0,049
       2,029    0,065
       2,192    0,085
       2,349    0,108
       2,500    0,134
       2,645    0,165
       2,783    0,200
       2,913    0,240
       3,036    0,284
       3,152    0,332
       3,262    0,384
       3,365    0,438
       3,462    0,496
       3,553    0,555
       3,639    0,617
       3,794    0,744
       3,931    0,875
       4,050    1,006
       4,155    1,133
       4,247    1,255
       4,328    1,372
       4,400    1,484
       4,464    1,592
       4,574    1,799
       4,672    2,000 (knuckle)
       4,763    2,250
       4,805    2,375
       4,843    2,500
       4,874    2,625
       4,900    2,750
       4,945    3,000
-------------------------------

Station :37,400
Number of segments :1
   Segment 1
       0,000    0,000
       0,336    0,001
       0,669    0,004
       0,997    0,012
       1,319    0,027
       1,631    0,051
       1,782    0,068
       1,930    0,087
       2,075    0,110
       2,216    0,137
       2,352    0,168
       2,485    0,203
       2,612    0,243
       2,735    0,287
       2,853    0,335
       2,966    0,386
       3,075    0,441
       3,179    0,498
       3,279    0,557
       3,374    0,619
       3,551    0,746
       3,710    0,876
       3,853    1,007
       3,979    1,134
       4,089    1,256
       4,185    1,372
       4,268    1,484
       4,341    1,592
       4,406    1,697
       4,465    1,799
       4,573    2,000 (knuckle)
       4,678    2,250
       4,726    2,375
       4,769    2,500
       4,806    2,625
       4,837    2,750
       4,893    3,000
-------------------------------

Station :38,500
Number of segments :1
   Segment 1
       0,000    0,000
       0,529    0,009
       0,793    0,020
       1,054    0,037
       1,314    0,063
       1,570    0,100
       1,697    0,124
       1,823    0,151
       1,949    0,182
       2,073    0,217
       2,196    0,257
       2,318    0,301
       2,438    0,348
       2,556    0,399
       2,785    0,509
       3,004    0,629
       3,210    0,754
       3,401    0,883
       3,574    1,012
       3,729    1,138
       3,863    1,258
       3,978    1,374
       4,077    1,485
       4,163    1,592
       4,238    1,697
       4,305    1,799
       4,425    2,000 (knuckle)
       4,543    2,250
       4,598    2,375
       4,647    2,500
       4,691    2,625
       4,729    2,750
       4,796    3,000
-------------------------------

Station :39,600
Number of segments :1
   Segment 1
       0,000    0,000
       0,325    0,034
       0,492    0,056
       0,665    0,083
       0,844    0,118
       1,032    0,162
       1,231    0,217
       1,442    0,285
       1,553    0,324
       1,782    0,413
       2,018    0,512
       2,257    0,621
       2,493    0,736
       2,722    0,855
       2,939    0,976
       3,139    1,096
       3,231    1,155
       3,399    1,270
       3,545    1,381
       3,674    1,489
       3,787    1,594
       3,889    1,698
       3,982    1,799
       4,153    2,000 (knuckle)
       4,277    2,250
       4,335    2,375
       4,389    2,500
       4,436    2,625
       4,479    2,750
       4,557    3,000
-------------------------------

